1 0.000008
101 0.000066
201 0.002343
301 0.000114
401 0.000122
501 0.000142
601 0.000207
701 0.000225
801 0.000228
901 0.000243
1001 0.000267
1101 0.000369
1201 0.000395
1301 0.000399
1401 0.000425
1501 0.000438
1601 0.000445
1701 0.000478
1801 0.000477
1901 0.000497
2001 0.000514
2101 0.000723
2201 0.000747
2301 0.000761
2401 0.000790
2501 0.000789
2601 0.000797
2701 0.000808
2801 0.000833
2901 0.000856
3001 0.000860
3101 0.000874
3201 0.000891
3301 0.000909
3401 0.000932
3501 0.000945
3601 0.000946
3701 0.000962
3801 0.000970
3901 0.000998
4001 0.001014
4101 0.001045
4201 0.001444
4301 0.001459
4401 0.001461
4501 0.001481
4601 0.001496
4701 0.001524
4801 0.001526
4901 0.001557
5001 0.001547
5101 0.001580
5201 0.001575
5301 0.001619
5401 0.001620
5501 0.001627
5601 0.001641
5701 0.001668
5801 0.001669
5901 0.015031
6001 0.001695
6101 0.001731
6201 0.001743
6301 0.001751
6401 0.001773
6501 0.001777
6601 0.001801
6701 0.001813
6801 0.001822
6901 0.001840
7001 0.001838
7101 0.001881
7201 0.001880
7301 0.001893
7401 0.001922
7501 0.001925
7601 0.001948
7701 0.001953
7801 0.001976
7901 0.001990
8001 0.002008
8101 0.002006
8201 0.002075
8301 0.002723
8401 0.002860
8501 0.002895
8601 0.002900
8701 0.002914
8801 0.002915
8901 0.002946
9001 0.002961
9101 0.002969
9201 0.002992
9301 0.002994
9401 0.003029
9501 0.003039
9601 0.003035
9701 0.003071
9801 0.003067
9901 0.003091
10001 0.003099
10101 0.003108
10201 0.003143
10301 0.003139
10401 0.003167
10501 0.003158
10601 0.003210
10701 0.003194
10801 0.003228
10901 0.003229
11001 0.003256
11101 0.003249
11201 0.003279
11301 0.003282
11401 0.003329
11501 0.003324
11601 0.003330
11701 0.003349
11801 0.003365
11901 0.003386
12001 0.003406
12101 0.003402
12201 0.003440
12301 0.003422
12401 0.003466
12501 0.003467
12601 0.003473
12701 0.003513
12801 0.003489
12901 0.003542
13001 0.003541
13101 0.003563
13201 0.003574
13301 0.003579
13401 0.003593
13501 0.003626
13601 0.003613
13701 0.003662
13801 0.003649
13901 0.003679
14001 0.003682
14101 0.003702
14201 0.003725
14301 0.003731
14401 0.003743
14501 0.003767
14601 0.003774
14701 0.003802
14801 0.003799
14901 0.003807
15001 0.003839
15101 0.003835
15201 0.003880
15301 0.003865
15401 0.003913
15501 0.003897
15601 0.003933
15701 0.003930
15801 0.003961
15901 0.003961
16001 0.003990
16101 0.004000
16201 0.004016
16301 0.004017
16401 0.004147
16501 0.004793
16601 0.005434
16701 0.005714
16801 0.005719
16901 0.005719
17001 0.005748
17101 0.005736
17201 0.005784
17301 0.005792
17401 0.005808
17501 0.005823
17601 0.005847
17701 0.005838
17801 0.005868
17901 0.005875
18001 0.005893
18101 0.005915
18201 0.005931
18301 0.005942
18401 0.005947
18501 0.005965
18601 0.005986
18701 0.006009
18801 0.006008
18901 0.006021
19001 0.006036
19101 0.006053
19201 0.006057
19301 0.006090
19401 0.006099
19501 0.006117
19601 0.006117
19701 0.006151
19801 0.006153
19901 0.006165
20001 0.006194
20101 0.006209
20201 0.006214
20301 0.006234
20401 0.006243
20501 0.006262
20601 0.006285
20701 0.006286
20801 0.006304
20901 0.006312
21001 0.006325
21101 0.006368
21201 0.006374
21301 0.006378
21401 0.006393
21501 0.006400
21601 0.006421
21701 0.006438
21801 0.006449
21901 0.006477
22001 0.006477
22101 0.006496
22201 0.006505
22301 0.006532
22401 0.006532
22501 0.006550
22601 0.006566
22701 0.006584
22801 0.006608
22901 0.006618
23001 0.006625
23101 0.006644
23201 0.006656
23301 0.006685
23401 0.006691
23501 0.006699
23601 0.006689
23701 0.006732
23801 0.006747
23901 0.006756
24001 0.006786
24101 0.006788
24201 0.006807
24301 0.006835
24401 0.006818
24501 0.006847
24601 0.006856
24701 0.006871
24801 0.006903
24901 0.006944
25001 0.006913
25101 0.006944
25201 0.006951
25301 0.006965
25401 0.006985
25501 0.006987
25601 0.007014
25701 0.007014
25801 0.007043
25901 0.007044
26001 0.007063
26101 0.007093
26201 0.007092
26301 0.007112
26401 0.007130
26501 0.007133
26601 0.007159
26701 0.007160
26801 0.007185
26901 0.007212
27001 0.007211
27101 0.007238
27201 0.007238
27301 0.007255
27401 0.007284
27501 0.007270
27601 0.007308
27701 0.007311
27801 0.007323
27901 0.007359
28001 0.007350
28101 0.007380
28201 0.007394
28301 0.007406
28401 0.007432
28501 0.007441
28601 0.007441
28701 0.007455
28801 0.007473
28901 0.007500
29001 0.007502
29101 0.007526
29201 0.007530
29301 0.007558
29401 0.007555
29501 0.007590
29601 0.007593
29701 0.007606
29801 0.007619
29901 0.007621
30001 0.007672
30101 0.007666
30201 0.007678
30301 0.007688
30401 0.007721
30501 0.007721
30601 0.007740
30701 0.007757
30801 0.007773
30901 0.007792
31001 0.007801
31101 0.007816
31201 0.007842
31301 0.007841
31401 0.007864
31501 0.007881
31601 0.007881
31701 0.007903
31801 0.007903
31901 0.007939
32001 0.007953
32101 0.007957
32201 0.007966
32301 0.007994
32401 0.008014
32501 0.008018
32601 0.008044
32701 0.008056
32801 0.008252
32901 0.008922
33001 0.009568
33101 0.010203
33201 0.010859
33301 0.011376
33401 0.011378
33501 0.011400
33601 0.011398
33701 0.011430
33801 0.011437
33901 0.011436
34001 0.011457
34101 0.011499
34201 0.011514
34301 0.011527
34401 0.011518
34501 0.011556
34601 0.011578
34701 0.011567
34801 0.011577
34901 0.011609
35001 0.011614
35101 0.011627
35201 0.011660
35301 0.011656
35401 0.011688
35501 0.011702
35601 0.011706
35701 0.011733
35801 0.011741
35901 0.011720
36001 0.011766
36101 0.011798
36201 0.011781
36301 0.011818
36401 0.011829
36501 0.011839
36601 0.011849
36701 0.011856
36801 0.011872
36901 0.011884
37001 0.011898
37101 0.011925
37201 0.011936
37301 0.011956
37401 0.011981
37501 0.011984
37601 0.011988
37701 0.012012
37801 0.012009
37901 0.012039
38001 0.012056
38101 0.012048
38201 0.012090
38301 0.012105
38401 0.012130
38501 0.012119
38601 0.012141
38701 0.012148
38801 0.012179
38901 0.012173
39001 0.012207
39101 0.012201
39201 0.012220
39301 0.012260
39401 0.012226
39501 0.012288
39601 0.012310
39701 0.012310
39801 0.012343
39901 0.012327
40001 0.012326
40101 0.012364
40201 0.012382
40301 0.012372
40401 0.012417
40501 0.012426
40601 0.012415
40701 0.012455
40801 0.012452
40901 0.012475
41001 0.012490
41101 0.012490
41201 0.012529
41301 0.012536
41401 0.012544
41501 0.012586
41601 0.012580
41701 0.012593
41801 0.012594
41901 0.012624
42001 0.012630
42101 0.012647
42201 0.012665
42301 0.012688
42401 0.012689
42501 0.012723
42601 0.012742
42701 0.012744
42801 0.012766
42901 0.012757
43001 0.012766
43101 0.012788
43201 0.012811
43301 0.012827
43401 0.012847
43501 0.012818
43601 0.012869
43701 0.012894
43801 0.012889
43901 0.012923
44001 0.012919
44101 0.012933
44201 0.012952
44301 0.012967
44401 0.012991
44501 0.013008
44601 0.013029
44701 0.013020
44801 0.013048
44901 0.013004
45001 0.013050
45101 0.013089
45201 0.013093
45301 0.013111
45401 0.013117
45501 0.013153
45601 0.013163
45701 0.013184
45801 0.013191
45901 0.013199
46001 0.013219
46101 0.013222
46201 0.013240
46301 0.013276
46401 0.013262
46501 0.013291
46601 0.013327
46701 0.013325
46801 0.013344
46901 0.013365
47001 0.013388
47101 0.013360
47201 0.013398
47301 0.013391
47401 0.013431
47501 0.013445
47601 0.013452
47701 0.013475
47801 0.013468
47901 0.013498
48001 0.013512
48101 0.013520
48201 0.013530
48301 0.013565
48401 0.013577
48501 0.013605
48601 0.013606
48701 0.013618
48801 0.013617
48901 0.013643
49001 0.013641
49101 0.013669
49201 0.013679
49301 0.013709
49401 0.013724
49501 0.013723
49601 0.013761
49701 0.013778
49801 0.013760
49901 0.013807
50001 0.013813
50101 0.013801
50201 0.013828
50301 0.013833
50401 0.013872
50501 0.013888
50601 0.013899
50701 0.013904
50801 0.013929
50901 0.013936
51001 0.013932
51101 0.013958
51201 0.013962
51301 0.013978
51401 0.014009
51501 0.014027
51601 0.014033
51701 0.014054
51801 0.014096
51901 0.014061
52001 0.014102
52101 0.014122
52201 0.014126
52301 0.014130
52401 0.014161
52501 0.014163
52601 0.014198
52701 0.014215
52801 0.014196
52901 0.014218
53001 0.014236
53101 0.014249
53201 0.014263
53301 0.014272
53401 0.014312
53501 0.014338
53601 0.014352
53701 0.014347
53801 0.014372
53901 0.014383
54001 0.014383
54101 0.014400
54201 0.014421
54301 0.014395
54401 0.014444
54501 0.014405
54601 0.014446
54701 0.014481
54801 0.014511
54901 0.014513
55001 0.014546
55101 0.014543
55201 0.014565
55301 0.014575
55401 0.014586
55501 0.014608
55601 0.014624
55701 0.014654
55801 0.014645
55901 0.014677
56001 0.014694
56101 0.014688
56201 0.014702
56301 0.014713
56401 0.014728
56501 0.014756
56601 0.014786
56701 0.014806
56801 0.014808
56901 0.014810
57001 0.014819
57101 0.014850
57201 0.014850
57301 0.014875
57401 0.014871
57501 0.014896
57601 0.014917
57701 0.014940
57801 0.014962
57901 0.014980
58001 0.014980
58101 0.014984
58201 0.014991
58301 0.015014
58401 0.015017
58501 0.015052
58601 0.015080
58701 0.015083
58801 0.015062
58901 0.015118
59001 0.015112
59101 0.015145
59201 0.015140
59301 0.015161
59401 0.015165
59501 0.015189
59601 0.015172
59701 0.015229
59801 0.015248
59901 0.015261
60001 0.015269
60101 0.015282
60201 0.015303
60301 0.015312
60401 0.015333
60501 0.015344
60601 0.015359
60701 0.015373
60801 0.015387
60901 0.015419
61001 0.015429
61101 0.015431
61201 0.015454
61301 0.015457
61401 0.015489
61501 0.015471
61601 0.015492
61701 0.015521
61801 0.015536
61901 0.015542
62001 0.015560
62101 0.015584
62201 0.015582
62301 0.015606
62401 0.015633
62501 0.015647
62601 0.015654
62701 0.015665
62801 0.015662
62901 0.015702
63001 0.015719
63101 0.015736
63201 0.015727
63301 0.015754
63401 0.015750
63501 0.015777
63601 0.015799
63701 0.015800
63801 0.015844
63901 0.015836
64001 0.015856
64101 0.015875
64201 0.015898
64301 0.015882
64401 0.015904
64501 0.015926
64601 0.015927
64701 0.015958
64801 0.015978
64901 0.015992
65001 0.016037
65101 0.016014
65201 0.016047
65301 0.016057
65401 0.016055
65501 0.016077
65601 0.016485
65701 0.017139
65801 0.017807
65901 0.018428
66001 0.019075
66101 0.019752
66201 0.020376
66301 0.021012
66401 0.021677
66501 0.022332
66601 0.022607
66701 0.022706
66801 0.022685
66901 0.022670
67001 0.022721
67101 0.022743
67201 0.022764
67301 0.022770
67401 0.022773
67501 0.022812
67601 0.022797
67701 0.022816
67801 0.022829
67901 0.022803
68001 0.022846
68101 0.022876
68201 0.022919
68301 0.022931
68401 0.022946
68501 0.022968
68601 0.022993
68701 0.022981
68801 0.023009
68901 0.023020
69001 0.023038
69101 0.023054
69201 0.023053
69301 0.023069
69401 0.023076
69501 0.023079
69601 0.023117
69701 0.023132
69801 0.023135
69901 0.023149
70001 0.023166
70101 0.023201
70201 0.023209
70301 0.023236
70401 0.023227
70501 0.023277
70601 0.023181
70701 0.023268
70801 0.023309
70901 0.023302
71001 0.023344
71101 0.023346
71201 0.023355
71301 0.023356
71401 0.023375
71501 0.023385
71601 0.023380
71701 0.023379
71801 0.023458
71901 0.023456
72001 0.023472
72101 0.023499
72201 0.023507
72301 0.023528
72401 0.023553
72501 0.023558
72601 0.023567
72701 0.023597
72801 0.023591
72901 0.023613
73001 0.023624
73101 0.023672
73201 0.023634
73301 0.023672
73401 0.025019
73501 0.023684
73601 0.023684
73701 0.023555
73801 0.023762
73901 0.023752
74001 0.023759
74101 0.023793
74201 0.023793
74301 0.023698
74401 0.023638
74501 0.023808
74601 0.023855
74701 0.023875
74801 0.023886
74901 0.023915
75001 0.023922
75101 0.023824
75201 0.023911
75301 0.023929
75401 0.023974
75501 0.023958
75601 0.023997
75701 0.023948
75801 0.024020
75901 0.024050
76001 0.024050
76101 0.024080
76201 0.024085
76301 0.024103
76401 0.024138
76501 0.024138
76601 0.024174
76701 0.024161
76801 0.024180
76901 0.024210
77001 0.024197
77101 0.024240
77201 0.024243
77301 0.024259
77401 0.024119
77501 0.024254
77601 0.024299
77701 0.024319
77801 0.024302
77901 0.024344
78001 0.024320
78101 0.024352
78201 0.024387
78301 0.024401
78401 0.024432
78501 0.024462
78601 0.024450
78701 0.024453
78801 0.024476
78901 0.024500
79001 0.024513
79101 0.024528
79201 0.024517
79301 0.024545
79401 0.024547
79501 0.024546
79601 0.024573
79701 0.024608
79801 0.024599
79901 0.024630
80001 0.024624
80101 0.024642
80201 0.024685
80301 0.024698
80401 0.024718
80501 0.024711
80601 0.024760
80701 0.024762
80801 0.024779
80901 0.024786
81001 0.024796
81101 0.024813
81201 0.024845
81301 0.024848
81401 0.024840
81501 0.024793
81601 0.024878
81701 0.024888
81801 0.024897
81901 0.024902
82001 0.024947
82101 0.024956
82201 0.024979
82301 0.024992
82401 0.025016
82501 0.025037
82601 0.025034
82701 0.025064
82801 0.025091
82901 0.025089
83001 0.025088
83101 0.025131
83201 0.025134
83301 0.025147
83401 0.025141
83501 0.025177
83601 0.025096
83701 0.025191
83801 0.025174
83901 0.025218
84001 0.025201
84101 0.025208
84201 0.025261
84301 0.025244
84401 0.025297
84501 0.025303
84601 0.025305
84701 0.025328
84801 0.025355
84901 0.025386
85001 0.025365
85101 0.025406
85201 0.025437
85301 0.025457
85401 0.025424
85501 0.025450
85601 0.025489
85701 0.025435
85801 0.025478
85901 0.025488
86001 0.025521
86101 0.025513
86201 0.025548
86301 0.025552
86401 0.025582
86501 0.025617
86601 0.025622
86701 0.025669
86801 0.025646
86901 0.025651
87001 0.025708
87101 0.025645
87201 0.025715
87301 0.025714
87401 0.025674
87501 0.025720
87601 0.025725
87701 0.025759
87801 0.025782
87901 0.025779
88001 0.025762
88101 0.025807
88201 0.025829
88301 0.025836
88401 0.025854
88501 0.025860
88601 0.025891
88701 0.025897
88801 0.025939
88901 0.025915
89001 0.025942
89101 0.025992
89201 0.025991
89301 0.026000
89401 0.026031
89501 0.026011
89601 0.026030
89701 0.025952
89801 0.025986
89901 0.026052
90001 0.026094
90101 0.026102
90201 0.026117
90301 0.026132
90401 0.026145
90501 0.026166
90601 0.027721
90701 0.026223
90801 0.026231
90901 0.026236
91001 0.026252
91101 0.026284
91201 0.026309
91301 0.026302
91401 0.026296
91501 0.026343
91601 0.026329
91701 0.026348
91801 0.026374
91901 0.026362
92001 0.026393
92101 0.026394
92201 0.026393
92301 0.026426
92401 0.026468
92501 0.026470
92601 0.026491
92701 0.026497
92801 0.026548
92901 0.026514
93001 0.026539
93101 0.026555
93201 0.026575
93301 0.026599
93401 0.026589
93501 0.026638
93601 0.026621
93701 0.026613
93801 0.026647
93901 0.026661
94001 0.026672
94101 0.026699
94201 0.026734
94301 0.026713
94401 0.026774
94501 0.026736
94601 0.026756
94701 0.026792
94801 0.026792
94901 0.026813
95001 0.026858
95101 0.026855
95201 0.026844
95301 0.026894
95401 0.026874
95501 0.026911
95601 0.026929
95701 0.026931
95801 0.026952
95901 0.026958
96001 0.026963
96101 0.026981
96201 0.026986
96301 0.027013
96401 0.027014
96501 0.027050
96601 0.027125
96701 0.027119
96801 0.027091
96901 0.027128
97001 0.027164
97101 0.027169
97201 0.027177
97301 0.027200
97401 0.027225
97501 0.027204
97601 0.027231
97701 0.027236
97801 0.027261
97901 0.027271
98001 0.027279
98101 0.027286
98201 0.027308
98301 0.027300
98401 0.027346
98501 0.027342
98601 0.027386
98701 0.027380
98801 0.027388
98901 0.027435
99001 0.027434
99101 0.027445
99201 0.027496
99301 0.027506
99401 0.027503
99501 0.027496
99601 0.027495
99701 0.027523
99801 0.027529
99901 0.027575
100001 0.027565
100101 0.027581
100201 0.027588
100301 0.027586
100401 0.027626
100501 0.027631
100601 0.027649
100701 0.027657
100801 0.027698
100901 0.027772
101001 0.027723
101101 0.027740
101201 0.027762
101301 0.027772
101401 0.027789
101501 0.027769
101601 0.027826
101701 0.027816
101801 0.027815
101901 0.027840
102001 0.027857
102101 0.027830
102201 0.027864
102301 0.027923
