OpenCLUtil::init() begins...
Created context: 0x146cd10
Loading device ID: 0x10000
Created command queue: 0x147f280
OpenCLUtil::init() finishes...
OpenCLUtil::buildProgram() begins...
clCreateKernel err #0: Success!
OpenCLUtil::buildProgram() begins...
clCreateKernel err #0: Success!
OpenCLUtil::buildProgram() begins...
clCreateKernel err #0: Success!
OpenCLUtil::buildProgram() begins...
clCreateKernel err #0: Success!
OpenCLUtil::buildProgram() begins...
clCreateKernel err #0: Success!
OpenCLUtil::buildProgram() begins...
clCreateKernel err #0: Success!
1 0.000292
101 0.000067
201 0.000078
301 0.000128
401 0.000127
501 0.000147
601 0.000220
701 0.000213
801 0.000227
901 0.000243
1001 0.000272
1101 0.000369
1201 0.000394
1301 0.000408
1401 0.000413
1501 0.000440
1601 0.000449
1701 0.000459
1801 0.000485
1901 0.000485
2001 0.005284
2101 0.000721
2201 0.000748
2301 0.000751
2401 0.000770
2501 0.014514
2601 0.000793
2701 0.000802
2801 0.000816
2901 0.000839
3001 0.000853
3101 0.000865
3201 0.014721
3301 0.000921
3401 0.000903
3501 0.000917
3601 0.000948
3701 0.000961
3801 0.000978
3901 0.000982
4001 0.001002
4101 0.014519
4201 0.001432
4301 0.001431
4401 0.001473
4501 0.001469
4601 0.001487
4701 0.001515
4801 0.001523
4901 0.001533
5001 0.001536
5101 0.001568
5201 0.001574
5301 0.001581
5401 0.001604
5501 0.001632
5601 0.001631
5701 0.001644
5801 0.001657
5901 0.001693
6001 0.001698
6101 0.001706
6201 0.001705
6301 0.001745
6401 0.001747
6501 0.001768
6601 0.001774
6701 0.001792
6801 0.001813
6901 0.001822
7001 0.001830
7101 0.001866
7201 0.001865
7301 0.001866
7401 0.001888
7501 0.001917
7601 0.001925
7701 0.001928
7801 0.001952
7901 0.001972
8001 0.001977
8101 0.001987
8201 0.002062
8301 0.002710
8401 0.002848
8501 0.002845
8601 0.002874
8701 0.002877
8801 0.002906
8901 0.002904
9001 0.002937
9101 0.002942
9201 0.002968
9301 0.002987
9401 0.002969
9501 0.003027
9601 0.002985
9701 0.003037
9801 0.003043
9901 0.003067
10001 0.003076
10101 0.003087
10201 0.003116
10301 0.003116
10401 0.003146
10501 0.003172
10601 0.003143
10701 0.003201
10801 0.003169
10901 0.003213
11001 0.003218
11101 0.003230
11201 0.003252
11301 0.003250
11401 0.003280
11501 0.003286
11601 0.003298
11701 0.003326
11801 0.003325
11901 0.003353
12001 0.003353
12101 0.003387
12201 0.003389
12301 0.003406
12401 0.003430
12501 0.003434
12601 0.003442
12701 0.003473
12801 0.003477
12901 0.003489
13001 0.003504
13101 0.003525
13201 0.003543
13301 0.003542
13401 0.003581
13501 0.003557
13601 0.003606
13701 0.003594
13801 0.003638
13901 0.003627
14001 0.003644
14101 0.003669
14201 0.003674
14301 0.003706
14401 0.003713
14501 0.003697
14601 0.003752
14701 0.003731
14801 0.003777
14901 0.003780
15001 0.003788
15101 0.003814
15201 0.003825
15301 0.003846
15401 0.003850
15501 0.003872
15601 0.003887
15701 0.003902
15801 0.003919
15901 0.003922
16001 0.003933
16101 0.003974
16201 0.003956
16301 0.003991
16401 0.004081
16501 0.004746
16601 0.005384
16701 0.005676
16801 0.005648
16901 0.005674
17001 0.005680
17101 0.005715
17201 0.005717
17301 0.005737
17401 0.005750
17501 0.005759
17601 0.005780
17701 0.005785
17801 0.005807
17901 0.005832
18001 0.005825
18101 0.005833
18201 0.005867
18301 0.005884
18401 0.005888
18501 0.005904
18601 0.005914
18701 0.005927
18801 0.005965
18901 0.005980
19001 0.005983
19101 0.005985
19201 0.006020
19301 0.006011
19401 0.006040
19501 0.006055
19601 0.006057
19701 0.006068
19801 0.006098
19901 0.006110
20001 0.006120
20101 0.006139
20201 0.006140
20301 0.008280
20401 0.006188
20501 0.006228
20601 0.006204
20701 0.006223
20801 0.006238
20901 0.006247
21001 0.006272
21101 0.006288
21201 0.006293
21301 0.006306
21401 0.006316
21501 0.006332
21601 0.006347
21701 0.006371
21801 0.006377
21901 0.006397
22001 0.006405
22101 0.006419
22201 0.006444
22301 0.006440
22401 0.006458
22501 0.006484
22601 0.006502
22701 0.006523
22801 0.006527
22901 0.006530
23001 0.006555
23101 0.006571
23201 0.006575
23301 0.006604
23401 0.006608
23501 0.006611
23601 0.006660
23701 0.006654
23801 0.006677
23901 0.006688
24001 0.006706
24101 0.006719
24201 0.006717
24301 0.006746
24401 0.006767
24501 0.006756
24601 0.006794
24701 0.006799
24801 0.006827
24901 0.006836
25001 0.006847
25101 0.006841
25201 0.006874
25301 0.006885
25401 0.006900
25501 0.006933
25601 0.006933
25701 0.006947
25801 0.006959
25901 0.006966
26001 0.006997
26101 0.007007
26201 0.007019
26301 0.007014
26401 0.007049
26501 0.007067
26601 0.007074
26701 0.007086
26801 0.007104
26901 0.007112
27001 0.007137
27101 0.007158
27201 0.007162
27301 0.007191
27401 0.007210
27501 0.007228
27601 0.007215
27701 0.007230
27801 0.007250
27901 0.007264
28001 0.007273
28101 0.007282
28201 0.007308
28301 0.007317
28401 0.007351
28501 0.007354
28601 0.007345
28701 0.007371
28801 0.007401
28901 0.007408
29001 0.007435
29101 0.007424
29201 0.007454
29301 0.007441
29401 0.007472
29501 0.007501
29601 0.007499
29701 0.007521
29801 0.007524
29901 0.007553
30001 0.007564
30101 0.007568
30201 0.007616
30301 0.007602
30401 0.007615
30501 0.007651
30601 0.007652
30701 0.007664
30801 0.007675
30901 0.007712
31001 0.007708
31101 0.007713
31201 0.007728
31301 0.007762
31401 0.007773
31501 0.007784
31601 0.007779
31701 0.007806
31801 0.007831
31901 0.007841
32001 0.007860
32101 0.007858
32201 0.007893
32301 0.007900
32401 0.007904
32501 0.007926
32601 0.007928
32701 0.007956
32801 0.008154
32901 0.008820
33001 0.011476
33101 0.010106
33201 0.010781
33301 0.011245
33401 0.011271
33501 0.011262
33601 0.011299
33701 0.011296
33801 0.011338
33901 0.011344
34001 0.011326
34101 0.011360
34201 0.011380
34301 0.011331
34401 0.011401
34501 0.011409
34601 0.011437
34701 0.011443
34801 0.011477
34901 0.011458
35001 0.011478
35101 0.011505
35201 0.011511
35301 0.011553
35401 0.011554
35501 0.011562
35601 0.011556
35701 0.011601
35801 0.011606
35901 0.011631
36001 0.011623
36101 0.011637
36201 0.011672
36301 0.011693
36401 0.011650
36501 0.011674
36601 0.011735
36701 0.011726
36801 0.011753
36901 0.011778
37001 0.011777
37101 0.011790
37201 0.011832
37301 0.011840
37401 0.011812
37501 0.011836
37601 0.011857
37701 0.011888
37801 0.011874
37901 0.011917
38001 0.011914
38101 0.011932
38201 0.011961
38301 0.011979
38401 0.011982
38501 0.011996
38601 0.011990
38701 0.012013
38801 0.011985
38901 0.012032
39001 0.012082
39101 0.012106
39201 0.012094
39301 0.012111
39401 0.012160
39501 0.012138
39601 0.012169
39701 0.012169
39801 0.012170
39901 0.012201
40001 0.012221
40101 0.012221
40201 0.012238
40301 0.012254
40401 0.012281
40501 0.012277
40601 0.012306
40701 0.012304
40801 0.012315
40901 0.012363
41001 0.012375
41101 0.012377
41201 0.012408
41301 0.012440
41401 0.012411
41501 0.012440
41601 0.012453
41701 0.012445
41801 0.012487
41901 0.012476
42001 0.012496
42101 0.012530
42201 0.012509
42301 0.012551
42401 0.014785
42501 0.012569
42601 0.012603
42701 0.012585
42801 0.012622
42901 0.012641
43001 0.012661
43101 0.012672
43201 0.012676
43301 0.012689
43401 0.012690
43501 0.012725
43601 0.012724
43701 0.012738
43801 0.012769
43901 0.012756
44001 0.012787
44101 0.012801
44201 0.012830
44301 0.012824
44401 0.012842
44501 0.012863
44601 0.012870
44701 0.012905
44801 0.012898
44901 0.012871
45001 0.012936
45101 0.012953
45201 0.012949
45301 0.012982
45401 0.012969
45501 0.013008
45601 0.013017
45701 0.013024
45801 0.013054
45901 0.013062
46001 0.013078
46101 0.013093
46201 0.013106
46301 0.013118
46401 0.013145
46501 0.013158
46601 0.013157
46701 0.013215
46801 0.013187
46901 0.013212
47001 0.013222
47101 0.013249
47201 0.013236
47301 0.013274
47401 0.013277
47501 0.013302
47601 0.013322
47701 0.013294
47801 0.013341
47901 0.013353
48001 0.013356
48101 0.013377
48201 0.013410
48301 0.013399
48401 0.013457
48501 0.013446
48601 0.013450
48701 0.013473
48801 0.013475
48901 0.013476
49001 0.013509
49101 0.013539
49201 0.013531
49301 0.013561
49401 0.013567
49501 0.013560
49601 0.013585
49701 0.013617
49801 0.013621
49901 0.013627
50001 0.013638
50101 0.013675
50201 0.013702
50301 0.013702
50401 0.013697
50501 0.013738
50601 0.013747
50701 0.013743
50801 0.013778
50901 0.013805
51001 0.013794
51101 0.013799
51201 0.013831
51301 0.013847
51401 0.013849
51501 0.013874
51601 0.013892
51701 0.013904
51801 0.013950
51901 0.013889
52001 0.013946
52101 0.013955
52201 0.013975
52301 0.014001
52401 0.014011
52501 0.013989
52601 0.014032
52701 0.014051
52801 0.014059
52901 0.014078
53001 0.014074
53101 0.014100
53201 0.014128
53301 0.014130
53401 0.014173
53501 0.014165
53601 0.014182
53701 0.014183
53801 0.014199
53901 0.014204
54001 0.014236
54101 0.014254
54201 0.014257
54301 0.014285
54401 0.014273
54501 0.014306
54601 0.014310
54701 0.014331
54801 0.014349
54901 0.014349
55001 0.014395
55101 0.014381
55201 0.014398
55301 0.014425
55401 0.014441
55501 0.014452
55601 0.014450
55701 0.014478
55801 0.014481
55901 0.014490
56001 0.014538
56101 0.014532
56201 0.014543
56301 0.014585
56401 0.014562
56501 0.014612
56601 0.014619
56701 0.014626
56801 0.014635
56901 0.014670
57001 0.014653
57101 0.014680
57201 0.014708
57301 0.014712
57401 0.014725
57501 0.014728
57601 0.014746
57701 0.014760
57801 0.014786
57901 0.014810
58001 0.014826
58101 0.014817
58201 0.014832
58301 0.014860
58401 0.014878
58501 0.014863
58601 0.014917
58701 0.014888
58801 0.014924
58901 0.014957
59001 0.014941
59101 0.014981
59201 0.014976
59301 0.014988
59401 0.015026
59501 0.015049
59601 0.015034
59701 0.015054
59801 0.015062
59901 0.015093
60001 0.015097
60101 0.015131
60201 0.015113
60301 0.015147
60401 0.015162
60501 0.015155
60601 0.015182
60701 0.015200
60801 0.015204
60901 0.015256
61001 0.015264
61101 0.015260
61201 0.015283
61301 0.015281
61401 0.015304
61501 0.015325
61601 0.015317
61701 0.015338
61801 0.015363
61901 0.015383
62001 0.015389
62101 0.015395
62201 0.016820
62301 0.015434
62401 0.015464
62501 0.015464
62601 0.015490
62701 0.015489
62801 0.015488
62901 0.015466
63001 0.015498
63101 0.015570
63201 0.015568
63301 0.015553
63401 0.015585
63501 0.015607
63601 0.015607
63701 0.015641
63801 0.015675
63901 0.015636
64001 0.015680
64101 0.015687
64201 0.015716
64301 0.015703
64401 0.015737
64501 0.015746
64601 0.015754
64701 0.015783
64801 0.015784
64901 0.015780
65001 0.015838
65101 0.017512
65201 0.015844
65301 0.015877
65401 0.015859
65501 0.015885
65601 0.016299
65701 0.016931
65801 0.017605
65901 0.018233
66001 0.018899
66101 0.019522
66201 0.020158
66301 0.020782
66401 0.021449
66501 0.022100
66601 0.022470
66701 0.022464
66801 0.022325
66901 0.022461
67001 0.022468
67101 0.022514
67201 0.022472
67301 0.022540
67401 0.023941
67501 0.022605
67601 0.022615
67701 0.022605
67801 0.022667
67901 0.022564
68001 0.022632
68101 0.022660
68201 0.022657
68301 0.022682
68401 0.022553
68501 0.022736
68601 0.022681
68701 0.022770
68801 0.022769
68901 0.022778
69001 0.022778
69101 0.022829
69201 0.022815
69301 0.022846
69401 0.022881
69501 0.022879
69601 0.022895
69701 0.022928
69801 0.022924
69901 0.022939
70001 0.022966
70101 0.022963
70201 0.022957
70301 0.022918
70401 0.022991
70501 0.023013
70601 0.022990
70701 0.023000
70801 0.023060
70901 0.023077
71001 0.023088
71101 0.023104
71201 0.023097
71301 0.023131
71401 0.023146
71501 0.023175
71601 0.023203
71701 0.023215
71801 0.023228
71901 0.023209
72001 0.023242
72101 0.023242
72201 0.023251
72301 0.023261
72401 0.023307
72501 0.023315
72601 0.023306
72701 0.023373
72801 0.023366
72901 0.023354
73001 0.023320
73101 0.023356
73201 0.023408
73301 0.023406
73401 0.023446
73501 0.023440
73601 0.023470
73701 0.023490
73801 0.023509
73901 0.023468
74001 0.023468
74101 0.023519
74201 0.023553
74301 0.023548
74401 0.023568
74501 0.023563
74601 0.023604
74701 0.023690
74801 0.023668
74901 0.023645
75001 0.023660
75101 0.023683
75201 0.023690
75301 0.023705
75401 0.023737
75501 0.023762
75601 0.023728
75701 0.023801
75801 0.023806
75901 0.023733
76001 0.023801
76101 0.023735
76201 0.023805
76301 0.023873
76401 0.023865
76501 0.023871
76601 0.023901
76701 0.023933
76801 0.023972
76901 0.023953
77001 0.023954
77101 0.023981
77201 0.023978
77301 0.024002
77401 0.024006
77501 0.024050
77601 0.024057
77701 0.024054
77801 0.024109
77901 0.024099
78001 0.024115
78101 0.024125
78201 0.024117
78301 0.024145
78401 0.024174
78501 0.024184
78601 0.024198
78701 0.024219
78801 0.024153
78901 0.024272
79001 0.024251
79101 0.024248
79201 0.024259
79301 0.024278
79401 0.024282
79501 0.024327
79601 0.024350
79701 0.024243
79801 0.024334
79901 0.024409
80001 0.024261
80101 0.024376
80201 0.024407
80301 0.024414
80401 0.024458
80501 0.024428
80601 0.024481
80701 0.024520
80801 0.024514
80901 0.024542
81001 0.024530
81101 0.024567
81201 0.024538
81301 0.024554
81401 0.024604
81501 0.024600
81601 0.024627
81701 0.024649
81801 0.024645
81901 0.024663
82001 0.024687
82101 0.024677
82201 0.024698
82301 0.024762
82401 0.024737
82501 0.024761
82601 0.024670
82701 0.024749
82801 0.024839
82901 0.024808
83001 0.024819
83101 0.024836
83201 0.024773
83301 0.024820
83401 0.024879
83501 0.024889
83601 0.024923
83701 0.024916
83801 0.024930
83901 0.024957
84001 0.024963
84101 0.024994
84201 0.024921
84301 0.025026
84401 0.025096
84501 0.025076
84601 0.025064
84701 0.025093
84801 0.025098
84901 0.025101
85001 0.025129
85101 0.025151
85201 0.025175
85301 0.025192
85401 0.025213
85501 0.025211
85601 0.025056
85701 0.025215
85801 0.025240
85901 0.025269
86001 0.025279
86101 0.025281
86201 0.025277
86301 0.025316
86401 0.025309
86501 0.025339
86601 0.025340
86701 0.025347
86801 0.025372
86901 0.025388
87001 0.025401
87101 0.025419
87201 0.025467
87301 0.025457
87401 0.025433
87501 0.025504
87601 0.025482
87701 0.025499
87801 0.025527
87901 0.025528
88001 0.025552
88101 0.025608
88201 0.025519
88301 0.025565
88401 0.025604
88501 0.025623
88601 0.025603
88701 0.025628
88801 0.025649
88901 0.025664
89001 0.025719
89101 0.025725
89201 0.025698
89301 0.025726
89401 0.025748
89501 0.025750
89601 0.025768
89701 0.025792
89801 0.025709
89901 0.025835
90001 0.025842
90101 0.025864
90201 0.025880
90301 0.025867
90401 0.025884
90501 0.025894
90601 0.025916
90701 0.025931
90801 0.025947
90901 0.025986
91001 0.025965
91101 0.025996
91201 0.026030
91301 0.026017
91401 0.025994
91501 0.026046
91601 0.026052
91701 0.026094
91801 0.026122
91901 0.026101
92001 0.026154
92101 0.026127
92201 0.026168
92301 0.026175
92401 0.026149
92501 0.026167
92601 0.026224
92701 0.026212
92801 0.026237
92901 0.026245
93001 0.026198
93101 0.026258
93201 0.026290
93301 0.026287
93401 0.026326
93501 0.026335
93601 0.026340
93701 0.026354
93801 0.026399
93901 0.026391
94001 0.026411
94101 0.026431
94201 0.026449
94301 0.026480
94401 0.026476
94501 0.026488
94601 0.026493
94701 0.026509
94801 0.026502
94901 0.026546
95001 0.026522
95101 0.026590
95201 0.026607
95301 0.026599
95401 0.026657
95501 0.026650
95601 0.026653
95701 0.026670
95801 0.026677
95901 0.026697
96001 0.026699
96101 0.026735
96201 0.026766
96301 0.026593
96401 0.026762
96501 0.026758
96601 0.026786
96701 0.026812
96801 0.026819
96901 0.026851
97001 0.026889
97101 0.026896
97201 0.026871
97301 0.026922
97401 0.026907
97501 0.026924
97601 0.026929
97701 0.026952
97801 0.026978
97901 0.026984
98001 0.026978
98101 0.027009
98201 0.027037
98301 0.027025
98401 0.027079
98501 0.027005
98601 0.027084
98701 0.027047
98801 0.027103
98901 0.027117
99001 0.027106
99101 0.027173
99201 0.027167
99301 0.027177
99401 0.027224
99501 0.027243
99601 0.027189
99701 0.027233
99801 0.027247
99901 0.027277
100001 0.027275
100101 0.027314
100201 0.027330
100301 0.027371
100401 0.027353
100501 0.027369
100601 0.027363
100701 0.027390
100801 0.027383
100901 0.027401
101001 0.027437
101101 0.028833
101201 0.027484
101301 0.027462
101401 0.027487
101501 0.027516
101601 0.027488
101701 0.027518
101801 0.027530
101901 0.027578
102001 0.027585
102101 0.027593
102201 0.027580
102301 0.027637
