OpenCLUtil::init() begins...
Created context: 0x156cd10
Loading device ID: 0x10000
Created command queue: 0x157f280
OpenCLUtil::init() finishes...
OpenCLUtil::buildProgram() begins...
clCreateKernel err #0: Success!
OpenCLUtil::buildProgram() begins...
clCreateKernel err #0: Success!
OpenCLUtil::buildProgram() begins...
clCreateKernel err #0: Success!
OpenCLUtil::buildProgram() begins...
clCreateKernel err #0: Success!
OpenCLUtil::buildProgram() begins...
clCreateKernel err #0: Success!
OpenCLUtil::buildProgram() begins...
clCreateKernel err #0: Success!
1 0.000004
101 0.000043
201 0.000050
301 0.000064
401 0.000078
501 0.000093
601 0.000107
701 0.000122
801 0.000136
901 0.000151
1001 0.000165
1101 0.000179
1201 0.000193
1301 0.000210
1401 0.000222
1501 0.000237
1601 0.000252
1701 0.000266
1801 0.000280
1901 0.000295
2001 0.000309
2101 0.000323
2201 0.000338
2301 0.000354
2401 0.000367
2501 0.000381
2601 0.000395
2701 0.000411
2801 0.000424
2901 0.000441
3001 0.000454
3101 0.000467
3201 0.000482
3301 0.000498
3401 0.000511
3501 0.000525
3601 0.000540
3701 0.000554
3801 0.000568
3901 0.000585
4001 0.000599
4101 0.000612
4201 0.000628
4301 0.000642
4401 0.000655
4501 0.000669
4601 0.000683
4701 0.000700
4801 0.014048
4901 0.000729
5001 0.000743
5101 0.000757
5201 0.000771
5301 0.000786
5401 0.000800
5501 0.000813
5601 0.000830
5701 0.000843
5801 0.000858
5901 0.000875
6001 0.000885
6101 0.000902
6201 0.000914
6301 0.000933
6401 0.000943
6501 0.000957
6601 0.000976
6701 0.000989
6801 0.001001
6901 0.001015
7001 0.001029
7101 0.001049
7201 0.001061
7301 0.001079
7401 0.001090
7501 0.001105
7601 0.001117
7701 0.001131
7801 0.001149
7901 0.001162
8001 0.001178
8101 0.001189
8201 0.001205
8301 0.001220
8401 0.001233
8501 0.001248
8601 0.001261
8701 0.001277
8801 0.001291
8901 0.001304
9001 0.001322
9101 0.001348
9201 0.001357
9301 0.001364
9401 0.001379
9501 0.001393
9601 0.001415
9701 0.001438
9801 0.001444
9901 0.001467
10001 0.001478
10101 0.001488
10201 0.001493
10301 0.001507
10401 0.001522
10501 0.001537
10601 0.001550
10701 0.001563
10801 0.001580
10901 0.001595
11001 0.001610
11101 0.001623
11201 0.001637
11301 0.001652
11401 0.001665
11501 0.001680
11601 0.001696
11701 0.001708
11801 0.001727
11901 0.001738
12001 0.001752
12101 0.001769
12201 0.001781
12301 0.001798
12401 0.001810
12501 0.001827
12601 0.001842
12701 0.001852
12801 0.001872
12901 0.001880
13001 0.001897
13101 0.001914
13201 0.001923
13301 0.001940
13401 0.001961
13501 0.001970
13601 0.001981
13701 0.001996
13801 0.002016
13901 0.002029
14001 0.002043
14101 0.002057
14201 0.002067
14301 0.002082
14401 0.002097
14501 0.002112
14601 0.002126
14701 0.002141
14801 0.002155
14901 0.002169
15001 0.002184
15101 0.002198
15201 0.002211
15301 0.002231
15401 0.002248
15501 0.002260
15601 0.002275
15701 0.002285
15801 0.002299
15901 0.002317
16001 0.002335
16101 0.002344
16201 0.002358
16301 0.002375
16401 0.002388
16501 0.002401
16601 0.002421
16701 0.002431
16801 0.002447
16901 0.002461
17001 0.002474
17101 0.002490
17201 0.002507
17301 0.002518
17401 0.002533
17501 0.002546
17601 0.002564
17701 0.002577
17801 0.002594
17901 0.002605
18001 0.002618
18101 0.002635
18201 0.002648
18301 0.002663
18401 0.002677
18501 0.002692
18601 0.002707
18701 0.002720
18801 0.002737
18901 0.002751
19001 0.002764
19101 0.002779
19201 0.002792
19301 0.002807
19401 0.002821
19501 0.002835
19601 0.002850
19701 0.002864
19801 0.002878
19901 0.002893
20001 0.002908
20101 0.002922
20201 0.002937
20301 0.002951
20401 0.002968
20501 0.002979
20601 0.002996
20701 0.003009
20801 0.003023
20901 0.003039
21001 0.003051
21101 0.003066
21201 0.003082
21301 0.003095
21401 0.003108
21501 0.003125
21601 0.003141
21701 0.003151
21801 0.003166
21901 0.003179
22001 0.003198
22101 0.003212
22201 0.003228
22301 0.003239
22401 0.003252
22501 0.003266
22601 0.003286
22701 0.003298
22801 0.003314
22901 0.003325
23001 0.003342
23101 0.003358
23201 0.003372
23301 0.003384
23401 0.003398
23501 0.003413
23601 0.003429
23701 0.003441
23801 0.003458
23901 0.003480
24001 0.003503
24101 0.003526
24201 0.003523
24301 0.003551
24401 0.003545
24501 0.003558
24601 0.003570
24701 0.003588
24801 0.003599
24901 0.003616
25001 0.003629
25101 0.003647
25201 0.003657
25301 0.003673
25401 0.003686
25501 0.003702
25601 0.003716
25701 0.003732
25801 0.003746
25901 0.003762
26001 0.003775
26101 0.003789
26201 0.003804
26301 0.003818
26401 0.003831
26501 0.003847
26601 0.003861
26701 0.003875
26801 0.003890
26901 0.003905
27001 0.003918
27101 0.003933
27201 0.003946
27301 0.003962
27401 0.003975
27501 0.003990
27601 0.004005
27701 0.004021
27801 0.004034
27901 0.004048
28001 0.004063
28101 0.004079
28201 0.004091
28301 0.004106
28401 0.004123
28501 0.004136
28601 0.004150
28701 0.004163
28801 0.004177
28901 0.004192
29001 0.004208
29101 0.004227
29201 0.004238
29301 0.004252
29401 0.004268
29501 0.004280
29601 0.004294
29701 0.004308
29801 0.004325
29901 0.004342
30001 0.004351
30101 0.004366
30201 0.004381
30301 0.004394
30401 0.004408
30501 0.004423
30601 0.004440
30701 0.004454
30801 0.004465
30901 0.004480
31001 0.004498
31101 0.004511
31201 0.004524
31301 0.004539
31401 0.004554
31501 0.004569
31601 0.004581
31701 0.004597
31801 0.004611
31901 0.004625
32001 0.004641
32101 0.004653
32201 0.004670
32301 0.004686
32401 0.004697
32501 0.004713
32601 0.004736
32701 0.004760
32801 0.004781
32901 0.004793
33001 0.004787
33101 0.004799
33201 0.004816
33301 0.004825
33401 0.004843
33501 0.004860
33601 0.004870
33701 0.004885
33801 0.004899
33901 0.004914
34001 0.004929
34101 0.004946
34201 0.004955
34301 0.004971
34401 0.004988
34501 0.005000
34601 0.005014
34701 0.005028
34801 0.005047
34901 0.005061
35001 0.005073
35101 0.005088
35201 0.005102
35301 0.005115
35401 0.005132
35501 0.005143
35601 0.005160
35701 0.005174
35801 0.005191
35901 0.005201
36001 0.005222
36101 0.005233
36201 0.005245
36301 0.005263
36401 0.005275
36501 0.005291
36601 0.005305
36701 0.005316
36801 0.005331
36901 0.005344
37001 0.005360
37101 0.005374
37201 0.005388
37301 0.005407
37401 0.005419
37501 0.005436
37601 0.005449
37701 0.005461
37801 0.005478
37901 0.005493
38001 0.005504
38101 0.005525
38201 0.005539
38301 0.005548
38401 0.005564
38501 0.005577
38601 0.005593
38701 0.005607
38801 0.005621
38901 0.005640
39001 0.005649
39101 0.005663
39201 0.005679
39301 0.005694
39401 0.005714
39501 0.005748
39601 0.005775
39701 0.005783
39801 0.005767
39901 0.005784
40001 0.005795
40101 0.005808
40201 0.005825
40301 0.005838
40401 0.005852
40501 0.005869
40601 0.005881
40701 0.005897
40801 0.005911
40901 0.005927
41001 0.005937
41101 0.005953
41201 0.005971
41301 0.005981
41401 0.005999
41501 0.006009
41601 0.006026
41701 0.006038
41801 0.006053
41901 0.006068
42001 0.006083
42101 0.006097
42201 0.006114
42301 0.006126
42401 0.006144
42501 0.006154
42601 0.006169
42701 0.006189
42801 0.006198
42901 0.006211
43001 0.006231
43101 0.006242
43201 0.006253
43301 0.006268
43401 0.006289
43501 0.006304
43601 0.006315
43701 0.006330
43801 0.006340
43901 0.006354
44001 0.006369
44101 0.006384
44201 0.006398
44301 0.006418
44401 0.006434
44501 0.006441
44601 0.006456
44701 0.006471
44801 0.006486
44901 0.006498
45001 0.006519
45101 0.006532
45201 0.006547
45301 0.006595
45401 0.006595
45501 0.006611
45601 0.006606
45701 0.006620
45801 0.006628
45901 0.006650
46001 0.006663
46101 0.006671
46201 0.006689
46301 0.006704
46401 0.006718
46501 0.006736
46601 0.006744
46701 0.006761
46801 0.006777
46901 0.006792
47001 0.006804
47101 0.006821
47201 0.006835
47301 0.006848
47401 0.006865
47501 0.006876
47601 0.006891
47701 0.006906
47801 0.006921
47901 0.006934
48001 0.006952
48101 0.006962
48201 0.006979
48301 0.006994
48401 0.007010
48501 0.007021
48601 0.007037
48701 0.007052
48801 0.007064
48901 0.007079
49001 0.007095
49101 0.007108
49201 0.007123
49301 0.007137
49401 0.007154
49501 0.007169
49601 0.007178
49701 0.007192
49801 0.007208
49901 0.007226
50001 0.007239
50101 0.007252
50201 0.007270
50301 0.007281
50401 0.007306
50501 0.007338
50601 0.007344
50701 0.007338
50801 0.007355
50901 0.007367
51001 0.007382
51101 0.007401
51201 0.007414
51301 0.007423
51401 0.007440
51501 0.007453
51601 0.007472
51701 0.007485
51801 0.007500
51901 0.007514
52001 0.007527
52101 0.007542
52201 0.007554
52301 0.007570
52401 0.007585
52501 0.007600
52601 0.007613
52701 0.007632
52801 0.007641
52901 0.007660
53001 0.007670
53101 0.007687
53201 0.007701
53301 0.007714
53401 0.007730
53501 0.007745
53601 0.007757
53701 0.007770
53801 0.007790
53901 0.007801
54001 0.007816
54101 0.007830
54201 0.007846
54301 0.007859
54401 0.007875
54501 0.007887
54601 0.007903
54701 0.007916
54801 0.007930
54901 0.007949
55001 0.007961
55101 0.007994
55201 0.008032
55301 0.008003
55401 0.008019
55501 0.008031
55601 0.008048
55701 0.008060
55801 0.008075
55901 0.008089
56001 0.008105
56101 0.008120
56201 0.008131
56301 0.008146
56401 0.008160
56501 0.008175
56601 0.008191
56701 0.008205
56801 0.008222
56901 0.008233
57001 0.008249
57101 0.008265
57201 0.008279
57301 0.008294
57401 0.008305
57501 0.008319
57601 0.008334
57701 0.008351
57801 0.008363
57901 0.008381
58001 0.008397
58101 0.008405
58201 0.008423
58301 0.008434
58401 0.008451
58501 0.008471
58601 0.008479
58701 0.008492
58801 0.008505
58901 0.008521
59001 0.008535
59101 0.008549
59201 0.008566
59301 0.008579
59401 0.008627
59501 0.008660
59601 0.008624
59701 0.008644
59801 0.008654
59901 0.008670
60001 0.008682
60101 0.008694
60201 0.008710
60301 0.008727
60401 0.008739
60501 0.008754
60601 0.008767
60701 0.008787
60801 0.008797
60901 0.008808
61001 0.008828
61101 0.008838
61201 0.008855
61301 0.008870
61401 0.008884
61501 0.008900
61601 0.008909
61701 0.008930
61801 0.008940
61901 0.008955
62001 0.008970
62101 0.008984
62201 0.008997
62301 0.009015
62401 0.009029
62501 0.009043
62601 0.009057
62701 0.009069
62801 0.009087
62901 0.009102
63001 0.009111
63101 0.009127
63201 0.009145
63301 0.009158
63401 0.009201
63501 0.009229
63601 0.009201
63701 0.009216
63801 0.009229
63901 0.009241
64001 0.009258
64101 0.009272
64201 0.009290
64301 0.009301
64401 0.009316
64501 0.009332
64601 0.009346
64701 0.009359
64801 0.009376
64901 0.009390
65001 0.009402
65101 0.009418
65201 0.009434
65301 0.009447
65401 0.009461
65501 0.009478
65601 0.009489
65701 0.009506
65801 0.009521
65901 0.009531
66001 0.009547
66101 0.009564
66201 0.009576
66301 0.009590
66401 0.009605
66501 0.009614
66601 0.009630
66701 0.009650
66801 0.009660
66901 0.009679
67001 0.009689
67101 0.009708
67201 0.009747
67301 0.009768
67401 0.009749
67501 0.009765
67601 0.009784
67701 0.009792
67801 0.009806
67901 0.009823
68001 0.009832
68101 0.009850
68201 0.009866
68301 0.009880
68401 0.009893
68501 0.009908
68601 0.009922
68701 0.009935
68801 0.009953
68901 0.009969
69001 0.009981
69101 0.009995
69201 0.010010
69301 0.010024
69401 0.010040
69501 0.010051
69601 0.010066
69701 0.010081
69801 0.010099
69901 0.010111
70001 0.010122
70101 0.010138
70201 0.010153
70301 0.010171
70401 0.010179
70501 0.010198
70601 0.010214
70701 0.010227
70801 0.010281
70901 0.010271
71001 0.010268
71101 0.010285
71201 0.010298
71301 0.010315
71401 0.010325
71501 0.010341
71601 0.010354
71701 0.010370
71801 0.010381
71901 0.010400
72001 0.010411
72101 0.010427
72201 0.010441
72301 0.010455
72401 0.010475
72501 0.010488
72601 0.010497
72701 0.010512
72801 0.010534
72901 0.010544
73001 0.010556
73101 0.010567
73201 0.010585
73301 0.010602
73401 0.010616
73501 0.010629
73601 0.010642
73701 0.010660
73801 0.010674
73901 0.010686
74001 0.010702
74101 0.010717
74201 0.010777
74301 0.010762
74401 0.010760
74501 0.010775
74601 0.010793
74701 0.010803
74801 0.010813
74901 0.010833
75001 0.010846
75101 0.010865
75201 0.010879
75301 0.010887
75401 0.010904
75501 0.010920
75601 0.010931
75701 0.010949
75801 0.010962
75901 0.010976
76001 0.010990
76101 0.011004
76201 0.011016
76301 0.011035
76401 0.011045
76501 0.011066
76601 0.011077
76701 0.011091
76801 0.011104
76901 0.011122
77001 0.011137
77101 0.011147
77201 0.011161
77301 0.011181
77401 0.011209
77501 0.011260
77601 0.011220
77701 0.011234
77801 0.011251
77901 0.011264
78001 0.011279
78101 0.011295
78201 0.011308
78301 0.011319
78401 0.011335
78501 0.011349
78601 0.011365
78701 0.011381
78801 0.011397
78901 0.011410
79001 0.011426
79101 0.011435
79201 0.011454
79301 0.011470
79401 0.011479
79501 0.011497
79601 0.011511
79701 0.011524
79801 0.011536
79901 0.011551
80001 0.011571
80101 0.011580
80201 0.011594
80301 0.011608
80401 0.011626
80501 0.011648
80601 0.011702
80701 0.011667
80801 0.011685
80901 0.011697
81001 0.011712
81101 0.011726
81201 0.011740
81301 0.011750
81401 0.011767
81501 0.011781
81601 0.011796
81701 0.011812
81801 0.011825
81901 0.011845
82001 0.011857
82101 0.011872
82201 0.011884
82301 0.011901
82401 0.011909
82501 0.011929
82601 0.011941
82701 0.011960
82801 0.011969
82901 0.011987
83001 0.011999
83101 0.012018
83201 0.012030
83301 0.012044
83401 0.012060
83501 0.012076
83601 0.012143
83701 0.012101
83801 0.012118
83901 0.012129
84001 0.012148
84101 0.012160
84201 0.012175
84301 0.012185
84401 0.012201
84501 0.012222
84601 0.012229
84701 0.012246
84801 0.012257
84901 0.012277
85001 0.012289
85101 0.012301
85201 0.012319
85301 0.012332
85401 0.012350
85501 0.012358
85601 0.012378
85701 0.012388
85801 0.012404
85901 0.012423
86001 0.012430
86101 0.012448
86201 0.012464
86301 0.012477
86401 0.012495
86501 0.012564
86601 0.012518
86701 0.012534
86801 0.012546
86901 0.012560
87001 0.012581
87101 0.012590
87201 0.012609
87301 0.012622
87401 0.012631
87501 0.012647
87601 0.012670
87701 0.012679
87801 0.012695
87901 0.012707
88001 0.012722
88101 0.012739
88201 0.012753
88301 0.012765
88401 0.012777
88501 0.012794
88601 0.012806
88701 0.012822
88801 0.012836
88901 0.012847
89001 0.012866
89101 0.012881
89201 0.012896
89301 0.012963
89401 0.012935
89501 0.012941
89601 0.012953
89701 0.013143
89801 0.012983
89901 0.012998
90001 0.013011
90101 0.013024
90201 0.013038
90301 0.013057
90401 0.013069
90501 0.013081
90601 0.013101
90701 0.013110
90801 0.013125
90901 0.013141
91001 0.013154
91101 0.013173
91201 0.013182
91301 0.013195
91401 0.013211
91501 0.013228
91601 0.013238
91701 0.013255
91801 0.013269
91901 0.013289
92001 0.013349
92101 0.013335
92201 0.013325
92301 0.013342
92401 0.013360
92501 0.013370
92601 0.013388
92701 0.013400
92801 0.013414
92901 0.013429
93001 0.013443
93101 0.013462
93201 0.013472
93301 0.013487
93401 0.013501
93501 0.013515
93601 0.013531
93701 0.013545
93801 0.013564
93901 0.013572
94001 0.013585
94101 0.013603
94201 0.013616
94301 0.013629
94401 0.013648
94501 0.013666
94601 0.013698
94701 0.013723
94801 0.013700
94901 0.013715
95001 0.013733
95101 0.013747
95201 0.013761
95301 0.013777
95401 0.013791
95501 0.013803
95601 0.013817
95701 0.013834
95801 0.013847
95901 0.013863
96001 0.013874
96101 0.013892
96201 0.013903
96301 0.013923
96401 0.013934
96501 0.013950
96601 0.013960
96701 0.013976
96801 0.013993
96901 0.014003
97001 0.014022
97101 0.014035
97201 0.014094
97301 0.014089
97401 0.014077
97501 0.014089
97601 0.014107
97701 0.014123
97801 0.014135
97901 0.014148
98001 0.014160
98101 0.014179
98201 0.014192
98301 0.014209
98401 0.014226
98501 0.014240
98601 0.014252
98701 0.014266
98801 0.014280
98901 0.014298
99001 0.014310
99101 0.014323
99201 0.014341
99301 0.014352
99401 0.014364
99501 0.014381
99601 0.014395
99701 0.014450
99801 0.014458
99901 0.014436
100001 0.014451
100101 0.014468
100201 0.014481
100301 0.014497
100401 0.014510
100501 0.014525
100601 0.014538
100701 0.014556
100801 0.014571
100901 0.014588
101001 0.014599
101101 0.014611
101201 0.014627
101301 0.014639
101401 0.014653
101501 0.014667
101601 0.014682
101701 0.014698
101801 0.014708
101901 0.014733
102001 0.014744
102101 0.014759
102201 0.014840
102301 0.014789
